Person's ID,  # of direct contacts,  IDs of people contacted directly
1 4 460 520 671 958 
2 1 1153 
3 0 
4 5 598 780 1029 1035 1461 
5 0 
6 1 14 
7 5 209 379 520 731 915 
8 3 40 362 1815 
9 2 357 459 
10 0 
11 1 1080 
12 5 443 637 693 1011 1192 
13 0 
14 1 273 
15 4 119 1147 1684 1867 
16 0 
17 4 40 268 447 1518 
18 4 359 680 682 1370 
19 1 1708 
20 1 314 
21 1 432 
22 1 274 
23 2 67 1015 
24 1 1676 
25 3 393 977 1924 
26 3 341 1211 1266 
27 3 779 1415 1668 
28 5 84 415 1065 1269 1325 
29 4 364 534 1465 1811 
30 4 1091 1180 1523 1756 
31 5 60 442 863 1383 1768 
32 0 
33 2 756 1200 
34 2 277 956 
35 2 1175 1462 
36 0 
37 4 45 488 1849 1933 
38 0 
39 0 
40 3 1032 1627 1791 
41 0 
42 5 54 184 786 895 1338 
43 3 1423 1443 1955 
44 5 247 258 824 833 1553 
45 4 626 849 1013 1618 
46 2 688 1628 
47 1 762 
48 3 222 642 1119 
49 0 
50 3 1077 1166 1447 
51 5 989 1212 1507 1674 1852 
52 2 277 647 
53 1 1775 
54 4 321 569 854 1325 
55 0 
56 0 
57 5 417 822 965 1010 1052 
58 0 
59 2 110 1689 
60 1 718 
61 2 267 1523 
62 5 270 286 607 1787 1838 
63 0 
64 5 490 854 1016 1130 1616 
65 3 155 806 1799 
66 3 1600 1690 1842 
67 3 88 594 1683 
68 3 308 908 1623 
69 4 1529 1645 1820 1825 
70 1 1149 
71 5 388 475 509 1494 1780 
72 4 744 747 810 1905 
73 0 
74 0 
75 1 501 
76 4 158 1212 1331 1915 
77 3 900 1456 1945 
78 1 1373 
79 1 872 
80 5 1033 1134 1438 1574 1795 
81 5 757 916 1536 1631 1864 
82 4 277 318 625 1316 
83 4 790 989 1197 1618 
84 5 134 1353 1417 1434 1674 
85 1 663 
86 2 1184 1541 
87 4 318 1048 1193 1316 
88 2 779 802 
89 3 942 1138 1853 
90 3 926 1181 1891 
91 5 57 280 352 686 1326 
92 1 1958 
93 0 
94 3 1407 1653 1748 
95 5 238 822 1088 1477 1772 
96 0 
97 3 454 929 1944 
98 4 207 948 983 1576 
99 3 1087 1449 1986 
100 3 777 789 1152 
101 3 549 758 1058 
102 2 730 1573 
103 0 
104 3 27 307 1547 
105 0 
106 5 59 344 466 633 1786 
107 5 83 284 1302 1556 1586 
108 4 53 217 375 845 
109 3 803 843 1073 
110 5 82 269 798 1561 1998 
111 5 11 126 405 841 1088 
112 2 75 703 
113 4 140 730 1785 1980 
114 4 309 885 1189 1607 
115 4 18 109 771 1185 
116 0 
117 0 
118 4 97 532 1212 1815 
119 2 481 851 
120 3 171 346 1976 
121 4 488 800 922 1370 
122 5 21 405 834 1192 1791 
123 3 737 1228 1326 
124 4 73 718 1024 1312 
125 4 854 911 1243 1329 
126 4 125 439 1363 1863 
127 4 191 626 909 1251 
128 4 810 1031 1288 1988 
129 4 188 357 1648 1999 
130 5 249 774 1317 1762 1878 
131 3 18 1024 1383 
132 3 44 399 1951 
133 1 300 
134 5 1225 1269 1400 1543 1614 
135 2 924 1488 
136 0 
137 0 
138 3 22 552 880 
139 1 573 
140 5 497 717 985 1053 1429 
141 0 
142 5 61 338 1370 1430 1878 
143 0 
144 1 1468 
145 3 379 1253 1379 
146 2 992 1337 
147 2 1112 1767 
148 0 
149 0 
150 4 151 886 1589 1639 
151 5 1 276 435 845 1234 
152 1 627 
153 4 1 720 813 1582 
154 2 1136 1586 
155 4 202 494 1215 1878 
156 1 542 
157 5 112 203 577 877 1239 
158 2 269 343 
159 1 1943 
160 1 1509 
161 1 1429 
162 3 1445 1724 1984 
163 4 766 986 1197 1678 
164 3 322 664 895 
165 5 422 1172 1414 1589 1649 
166 2 1031 1146 
167 3 990 1266 1650 
168 1 1126 
169 3 473 801 978 
170 5 121 558 872 1407 1416 
171 5 393 504 794 891 1441 
172 3 169 1096 1946 
173 5 221 529 913 1067 1382 
174 4 301 482 1003 1223 
175 4 79 674 762 1529 
176 5 143 824 1250 1473 1853 
177 2 394 1546 
178 4 96 496 1288 1843 
179 5 569 645 812 1240 1946 
180 0 
181 0 
182 1 579 
183 3 207 338 744 
184 0 
185 4 774 794 1286 1457 
186 3 113 666 1907 
187 2 697 949 
188 4 308 1249 1313 1917 
189 0 
190 0 
191 2 235 1157 
192 3 288 736 801 
193 0 
194 0 
195 0 
196 0 
197 3 875 1841 1928 
198 5 529 876 1118 1444 1707 
199 2 194 1724 
200 5 90 112 1109 1207 1487 
201 1 1524 
202 0 
203 5 357 1173 1288 1495 1614 
204 1 1019 
205 5 160 501 754 1041 1401 
206 3 595 1245 1282 
207 3 680 1300 1420 
208 1 442 
209 2 657 1956 
210 3 944 1100 1230 
211 5 73 753 1163 1826 1985 
212 1 1116 
213 4 43 207 1024 1998 
214 1 1385 
215 1 203 
216 2 825 860 
217 1 1193 
218 1 1478 
219 1 348 
220 0 
221 5 282 1352 1689 1761 1849 
222 3 171 1832 1955 
223 2 59 1915 
224 5 323 1388 1515 1842 1852 
225 5 22 655 1416 1717 1924 
226 4 166 1022 1478 1772 
227 2 1134 1955 
228 5 460 955 1284 1331 1424 
229 5 551 982 1082 1579 1930 
230 4 176 254 328 1484 
231 2 758 1631 
232 2 315 1242 
233 4 279 631 744 857 
234 5 625 661 1538 1682 1719 
235 5 284 331 855 1123 1195 
236 5 542 1327 1436 1888 1898 
237 0 
238 2 346 800 
239 5 263 733 897 927 1986 
240 0 
241 1 1514 
242 5 133 830 1227 1369 1763 
243 2 1349 1389 
244 1 1344 
245 5 112 778 957 1658 1733 
246 4 639 747 845 1137 
247 5 344 947 1335 1738 1805 
248 4 270 301 734 915 
249 1 293 
250 0 
251 0 
252 0 
253 5 230 790 1232 1893 1980 
254 4 183 767 964 1735 
255 5 653 1047 1154 1243 1509 
256 0 
257 5 85 651 718 751 1934 
258 0 
259 5 40 216 1511 1760 1979 
260 5 103 114 824 844 1994 
261 1 1714 
262 0 
263 3 518 1148 1300 
264 5 430 448 640 865 1989 
265 2 1439 1932 
266 1 1323 
267 2 444 1444 
268 0 
269 3 340 1530 1999 
270 0 
271 0 
272 0 
273 2 799 973 
274 4 504 523 971 1547 
275 2 102 1203 
276 0 
277 0 
278 1 88 
279 5 1042 1384 1388 1741 1949 
280 0 
281 5 317 423 1201 1252 1914 
282 3 35 655 866 
283 2 201 1082 
284 1 166 
285 3 132 909 1159 
286 2 997 1193 
287 5 93 222 957 1105 1992 
288 0 
289 1 1610 
290 4 451 640 1655 1759 
291 2 795 1535 
292 2 913 930 
293 1 583 
294 3 799 885 1221 
295 5 211 242 903 1502 1854 
296 4 1490 1708 1871 1979 
297 5 601 1017 1198 1322 1811 
298 2 413 652 
299 3 728 1676 1969 
300 0 
301 2 1430 1991 
302 3 734 1144 1834 
303 0 
304 2 1158 1545 
305 3 32 1399 1557 
306 0 
307 3 670 815 1750 
308 1 1038 
309 3 415 843 1811 
310 0 
311 3 582 916 1121 
312 1 159 
313 1 651 
314 5 186 683 739 1160 1703 
315 2 484 1217 
316 1 1653 
317 4 996 1511 1530 1961 
318 5 114 240 1162 1243 1841 
319 4 401 549 1780 1791 
320 4 183 532 841 1729 
321 2 645 1309 
322 5 361 831 940 1163 1744 
323 3 71 803 874 
324 1 165 
325 1 1015 
326 1 889 
327 0 
328 0 
329 5 621 673 845 946 1321 
330 4 212 477 1057 1473 
331 5 387 1263 1326 1352 1383 
332 3 947 986 1067 
333 4 256 748 763 1872 
334 0 
335 3 1722 1978 1997 
336 0 
337 3 317 506 903 
338 4 29 614 1363 1644 
339 5 61 133 569 1297 1333 
340 0 
341 5 475 1255 1315 1590 1681 
342 1 725 
343 4 20 306 575 939 
344 3 15 67 741 
345 4 557 611 1728 1915 
346 2 1539 1797 
347 3 209 1105 1941 
348 4 77 512 787 891 
349 4 1117 1154 1469 1920 
350 2 657 1713 
351 1 285 
352 0 
353 0 
354 2 293 2000 
355 0 
356 2 211 1464 
357 2 41 1252 
358 4 978 1091 1369 1770 
359 2 1147 1505 
360 1 1341 
361 1 260 
362 5 365 689 1134 1215 1762 
363 4 445 483 922 1078 
364 3 143 618 1921 
365 0 
366 2 1458 1631 
367 4 705 918 943 1557 
368 1 1985 
369 2 86 232 
370 0 
371 2 64 1085 
372 1 87 
373 1 1948 
374 1 1932 
375 4 146 283 673 1811 
376 1 1985 
377 2 801 1620 
378 4 289 1160 1217 1225 
379 0 
380 5 574 840 973 1542 1672 
381 0 
382 1 13 
383 1 415 
384 2 1427 1456 
385 1 1845 
386 4 309 455 1071 1249 
387 3 434 451 958 
388 4 880 1153 1190 1360 
389 1 946 
390 0 
391 2 496 909 
392 5 1130 1308 1437 1469 1475 
393 1 75 
394 3 727 1192 1569 
395 4 514 1283 1499 1860 
396 4 73 974 1108 1697 
397 1 1234 
398 2 206 1020 
399 3 337 387 1398 
400 5 84 703 1003 1395 1902 
401 5 176 874 945 1685 1935 
402 5 270 551 854 1114 1829 
403 0 
404 1 1215 
405 4 541 565 1487 1826 
406 2 1865 1912 
407 2 872 1137 
408 1 1694 
409 0 
410 0 
411 1 473 
412 5 7 937 987 1589 1986 
413 4 674 763 1613 1997 
414 3 767 1172 1929 
415 4 487 1333 1341 1724 
416 3 61 421 1252 
417 4 1148 1247 1311 1513 
418 0 
419 4 1013 1165 1424 1720 
420 3 196 464 895 
421 4 11 144 1415 1681 
422 0 
423 0 
424 5 262 337 579 927 1886 
425 2 827 1036 
426 2 766 816 
427 1 294 
428 0 
429 5 1024 1304 1626 1701 1935 
430 4 296 1014 1102 1672 
431 3 453 1328 1963 
432 4 118 198 288 1737 
433 2 1774 1865 
434 2 1155 1272 
435 4 133 619 812 1975 
436 1 1665 
437 5 186 256 652 778 910 
438 4 342 784 858 1140 
439 1 1818 
440 0 
441 2 987 1596 
442 3 164 738 1660 
443 4 930 989 1344 1838 
444 4 37 520 798 1724 
445 4 92 704 1118 1131 
446 4 572 577 614 864 
447 3 890 1603 1787 
448 1 268 
449 1 115 
450 5 524 836 1068 1578 1797 
451 5 82 871 916 1126 1917 
452 1 1111 
453 4 320 1154 1766 1838 
454 3 215 227 1887 
455 0 
456 1 899 
457 1 582 
458 0 
459 4 169 433 1139 1253 
460 4 243 1045 1553 1576 
461 5 176 813 1196 1754 1937 
462 1 1786 
463 4 337 812 1236 1616 
464 1 1454 
465 3 585 1074 1845 
466 1 1258 
467 1 1082 
468 3 999 1136 1914 
469 2 979 1642 
470 2 437 722 
471 5 620 947 1398 1548 1736 
472 3 218 1297 1517 
473 4 776 915 1374 1598 
474 5 231 256 1296 1487 1577 
475 0 
476 2 391 997 
477 3 883 1058 1737 
478 0 
479 4 366 493 678 816 
480 5 233 802 969 1631 1964 
481 3 87 845 1525 
482 3 227 722 1736 
483 1 834 
484 5 850 901 1664 1734 1971 
485 2 916 1181 
486 1 552 
487 0 
488 3 994 1524 1614 
489 5 537 746 762 1287 1954 
490 2 28 1952 
491 5 39 101 344 748 990 
492 5 435 544 746 1035 1046 
493 1 364 
494 2 1624 1868 
495 3 580 1021 1416 
496 1 1602 
497 1 1704 
498 4 856 1150 1708 1782 
499 4 82 122 824 884 
500 4 106 185 709 764 
501 5 294 607 669 1499 1659 
502 0 
503 2 1092 1972 
504 0 
505 5 229 540 635 663 1532 
506 0 
507 3 990 1268 1796 
508 1 525 
509 1 511 
510 2 613 1029 
511 2 1121 1798 
512 1 1785 
513 1 653 
514 0 
515 1 65 
516 1 890 
517 5 507 976 1037 1346 1381 
518 0 
519 2 116 910 
520 2 438 466 
521 0 
522 1 1620 
523 4 118 333 413 969 
524 4 676 957 1563 1706 
525 0 
526 0 
527 0 
528 5 219 552 943 1279 1379 
529 4 1330 1366 1634 1709 
530 3 864 969 1356 
531 1 1977 
532 4 231 852 1028 1148 
533 4 5 15 1097 1411 
534 0 
535 0 
536 3 577 1325 1996 
537 3 1000 1047 1597 
538 4 387 681 1090 1239 
539 4 443 1263 1761 1813 
540 2 96 125 
541 4 178 600 726 1762 
542 5 406 434 554 861 1033 
543 3 293 1326 1349 
544 4 209 575 1672 1886 
545 0 
546 5 314 701 831 1108 1178 
547 2 1626 1966 
548 1 1958 
549 5 194 210 959 963 1270 
550 5 595 711 842 1369 1711 
551 3 284 695 1569 
552 0 
553 5 164 269 594 1195 1284 
554 5 557 601 710 729 1150 
555 5 279 720 1067 1722 1932 
556 4 59 67 576 646 
557 3 306 760 1012 
558 2 117 1284 
559 2 587 982 
560 4 107 630 862 984 
561 0 
562 5 716 729 1261 1339 1751 
563 3 406 918 1071 
564 4 61 80 96 586 
565 5 385 1495 1574 1815 1981 
566 5 1024 1638 1678 1708 1923 
567 2 1434 1986 
568 5 277 375 1059 1162 1326 
569 5 480 728 820 843 1027 
570 2 142 1924 
571 3 362 607 787 
572 2 209 1154 
573 5 153 272 648 1516 1907 
574 4 349 354 770 1233 
575 3 270 1692 1910 
576 2 59 353 
577 2 24 1948 
578 2 279 1445 
579 0 
580 0 
581 5 726 747 962 1055 1980 
582 0 
583 5 42 292 575 729 1084 
584 1 415 
585 0 
586 5 227 294 1090 1719 1776 
587 3 1010 1127 1681 
588 4 801 1354 1500 1512 
589 4 15 728 1489 1959 
590 4 577 1391 1629 1774 
591 0 
592 1 807 
593 0 
594 3 511 1485 1922 
595 2 1740 1856 
596 5 339 964 1587 1697 1974 
597 2 1527 1900 
598 5 374 445 1048 1268 1488 
599 3 389 426 1748 
600 0 
601 4 224 638 1331 1481 
602 0 
603 3 588 952 1022 
604 5 647 652 666 792 1261 
605 4 434 1035 1596 1794 
606 0 
607 4 515 681 1635 1992 
608 0 
609 0 
610 1 1467 
611 0 
612 2 150 1906 
613 4 231 673 699 1597 
614 3 654 1356 1950 
615 5 388 522 964 1154 1418 
616 5 583 968 1035 1491 1941 
617 2 523 607 
618 2 136 550 
619 3 540 1207 1512 
620 5 32 1429 1595 1698 1977 
621 0 
622 2 1039 1787 
623 4 166 928 1743 1872 
624 1 899 
625 1 1554 
626 3 87 858 1971 
627 0 
628 1 142 
629 2 342 1065 
630 4 175 410 432 1379 
631 3 629 1552 1884 
632 2 652 1378 
633 4 12 1309 1545 1877 
634 3 96 1127 1601 
635 1 943 
636 5 253 353 1097 1160 1534 
637 4 538 777 1139 1193 
638 2 399 1153 
639 0 
640 1 131 
641 0 
642 2 144 969 
643 2 840 1031 
644 3 501 1183 1408 
645 4 41 99 1532 1780 
646 0 
647 3 1666 1722 1789 
648 5 44 201 790 1462 1640 
649 0 
650 3 1 609 1600 
651 5 266 283 416 1648 1775 
652 4 579 614 1200 1774 
653 0 
654 3 1223 1321 1950 
655 4 199 415 560 1702 
656 3 271 519 1621 
657 1 408 
658 4 500 866 1501 1897 
659 1 1594 
660 2 201 450 
661 1 1755 
662 4 444 749 1306 1933 
663 0 
664 2 512 827 
665 5 478 486 538 1090 1523 
666 3 868 1307 1703 
667 4 248 1311 1703 1733 
668 1 631 
669 1 1034 
670 2 341 1569 
671 4 978 1060 1506 1870 
672 2 1054 1077 
673 1 1466 
674 5 1208 1265 1537 1556 1615 
675 0 
676 3 607 822 1357 
677 4 354 1792 1863 1964 
678 3 208 962 1524 
679 0 
680 3 92 755 1121 
681 1 1377 
682 1 1700 
683 2 622 982 
684 5 274 797 813 1818 1855 
685 0 
686 2 1073 1489 
687 1 849 
688 0 
689 2 210 1780 
690 0 
691 2 1318 1948 
692 1 588 
693 5 917 1307 1310 1872 1975 
694 4 166 548 791 1833 
695 3 481 1677 1920 
696 5 136 535 1481 1884 1962 
697 4 522 992 1613 1647 
698 5 46 1476 1718 1766 1778 
699 1 781 
700 5 754 1433 1555 1563 1610 
701 4 146 991 1512 1999 
702 0 
703 0 
704 0 
705 5 71 211 711 1051 1370 
706 0 
707 5 73 425 579 770 1218 
708 4 109 328 389 1553 
709 5 29 532 779 1345 1432 
710 0 
711 3 364 550 715 
712 1 244 
713 4 871 1244 1301 1868 
714 2 600 936 
715 5 164 249 1627 1954 1979 
716 0 
717 2 192 988 
718 0 
719 0 
720 3 599 835 1438 
721 5 22 356 1186 1660 1924 
722 0 
723 4 415 443 1192 1268 
724 3 764 1547 1675 
725 5 237 340 701 1173 1348 
726 1 1461 
727 1 889 
728 0 
729 1 954 
730 2 1761 1904 
731 4 320 438 1289 1778 
732 4 358 811 1657 1785 
733 1 1707 
734 3 1146 1473 1620 
735 4 13 56 1300 1723 
736 0 
737 5 421 428 1132 1813 1971 
738 3 1171 1747 1836 
739 5 479 1027 1317 1401 1865 
740 1 1719 
741 3 391 803 979 
742 1 366 
743 5 218 328 434 964 1852 
744 1 1311 
745 4 525 857 1041 1665 
746 5 1201 1528 1539 1658 1910 
747 1 282 
748 2 472 1405 
749 0 
750 3 611 1140 1488 
751 5 11 116 730 942 1316 
752 3 540 1478 1494 
753 0 
754 4 1311 1517 1522 1575 
755 0 
756 3 273 1171 2000 
757 3 1524 1528 1933 
758 3 271 1265 1341 
759 1 1207 
760 4 234 247 1445 1601 
761 5 227 602 668 1497 1908 
762 2 1776 1974 
763 3 31 664 1131 
764 0 
765 4 196 781 1638 1779 
766 3 227 1527 1993 
767 5 1232 1261 1408 1485 1867 
768 0 
769 4 502 808 1373 1624 
770 5 291 399 850 1156 1296 
771 4 14 966 1203 1798 
772 5 406 773 1065 1363 1808 
773 5 164 698 801 823 1253 
774 0 
775 1 533 
776 5 173 365 412 560 1354 
777 5 435 841 1155 1610 1672 
778 4 15 302 1150 1307 
779 4 210 213 1536 1992 
780 4 66 321 397 951 
781 5 91 307 391 720 1997 
782 5 145 471 920 1236 1510 
783 3 522 1314 1685 
784 4 488 507 1179 1445 
785 4 174 1728 1824 1943 
786 1 1031 
787 4 531 558 760 1306 
788 3 347 359 896 
789 2 904 1090 
790 2 732 1596 
791 4 123 988 1067 1570 
792 0 
793 4 6 448 1322 1734 
794 2 373 1690 
795 2 1291 1340 
796 5 33 472 537 1285 1461 
797 3 427 478 1981 
798 4 249 564 1372 1409 
799 0 
800 4 268 1014 1159 1445 
801 1 1981 
802 0 
803 4 560 769 886 1893 
804 3 814 1643 1962 
805 3 1133 1504 1874 
806 5 1084 1209 1321 1650 1920 
807 4 197 1035 1058 1860 
808 3 852 954 1662 
809 3 682 1721 1858 
810 5 1065 1479 1534 1615 1642 
811 4 283 354 1658 1931 
812 4 240 1126 1316 1381 
813 2 1522 1547 
814 4 640 1268 1625 1850 
815 5 884 1021 1384 1545 1935 
816 5 284 316 643 1458 1878 
817 2 914 1972 
818 4 101 247 1165 1242 
819 5 159 228 1415 1589 1990 
820 5 72 317 866 1237 1921 
821 5 113 1123 1244 1292 1931 
822 4 78 1079 1333 1453 
823 0 
824 0 
825 2 1349 1974 
826 2 442 1781 
827 5 781 1168 1382 1395 1756 
828 4 12 713 920 1615 
829 0 
830 3 518 1326 1725 
831 0 
832 1 710 
833 3 1273 1802 1856 
834 3 133 915 1239 
835 4 163 442 1887 1890 
836 2 2 1167 
837 5 335 738 788 860 1215 
838 2 248 1227 
839 5 853 1270 1468 1785 1944 
840 3 624 800 1318 
841 5 244 663 1161 1196 1327 
842 5 185 651 857 1629 1911 
843 1 1738 
844 2 17 1966 
845 0 
846 2 504 656 
847 1 1935 
848 0 
849 0 
850 2 1013 1472 
851 2 1326 1452 
852 2 447 1928 
853 1 295 
854 1 1267 
855 5 1222 1468 1533 1595 1987 
856 1 317 
857 4 317 953 1090 1661 
858 1 1450 
859 0 
860 2 330 1649 
861 1 812 
862 5 391 466 885 1139 1762 
863 0 
864 2 641 1950 
865 3 1081 1197 1750 
866 1 643 
867 1 1304 
868 3 33 1007 1254 
869 3 26 927 1443 
870 5 556 716 1077 1474 1898 
871 3 1026 1216 1926 
872 5 512 537 955 1310 1713 
873 0 
874 4 577 836 1405 1768 
875 5 129 284 811 848 1637 
876 4 32 569 1015 1183 
877 4 233 786 841 1362 
878 5 296 456 629 784 1000 
879 3 535 897 1486 
880 3 511 638 1979 
881 3 70 1513 1860 
882 0 
883 5 341 621 1211 1533 1731 
884 4 222 1185 1392 1831 
885 0 
886 0 
887 1 970 
888 4 516 574 1014 1082 
889 3 20 211 1217 
890 1 1651 
891 5 458 560 1065 1417 1824 
892 4 113 388 1038 1252 
893 3 40 754 965 
894 0 
895 5 390 608 1015 1839 1882 
896 0 
897 3 511 639 895 
898 1 182 
899 2 205 402 
900 4 717 1156 1537 1747 
901 2 457 1454 
902 2 1218 1755 
903 3 298 1234 1345 
904 0 
905 3 635 675 984 
906 5 266 634 815 1456 1668 
907 3 326 521 743 
908 1 1876 
909 4 203 697 1284 1287 
910 4 1563 1608 1705 1994 
911 3 205 619 1993 
912 5 958 1222 1267 1301 1870 
913 3 7 1298 1866 
914 4 583 1532 1649 1771 
915 5 339 489 545 728 1325 
916 4 279 554 1368 1520 
917 1 754 
918 4 208 673 1109 1418 
919 1 585 
920 2 1232 1953 
921 3 349 664 1796 
922 1 1160 
923 2 155 1419 
924 4 1273 1399 1570 1880 
925 4 693 785 1690 1938 
926 3 928 1830 1868 
927 5 64 198 327 381 1388 
928 3 144 559 1962 
929 2 1114 1216 
930 3 1171 1398 1714 
931 2 113 1228 
932 2 129 866 
933 2 310 1243 
934 0 
935 2 1543 1974 
936 4 495 1618 1640 1747 
937 2 1841 1971 
938 3 274 1268 1874 
939 0 
940 2 1447 1844 
941 3 181 811 1732 
942 2 50 1610 
943 3 482 1495 1777 
944 1 239 
945 0 
946 2 255 595 
947 2 728 1856 
948 4 1178 1275 1556 1892 
949 4 648 1002 1030 1421 
950 3 847 1074 1758 
951 2 960 1965 
952 1 1901 
953 4 171 1134 1391 1502 
954 1 892 
955 3 69 399 1559 
956 3 600 1749 1922 
957 4 169 249 1263 1687 
958 4 179 277 657 1733 
959 1 340 
960 5 311 1197 1199 1260 1979 
961 5 250 423 524 856 935 
962 4 201 893 1295 1511 
963 0 
964 5 387 624 710 782 1486 
965 5 406 857 862 954 1541 
966 0 
967 5 297 569 609 966 1511 
968 5 415 561 744 1018 1231 
969 1 241 
970 4 26 165 507 913 
971 0 
972 2 1090 1189 
973 2 448 1679 
974 4 252 760 1121 1585 
975 3 249 603 925 
976 2 621 761 
977 2 79 809 
978 3 294 452 1190 
979 4 516 937 1018 1262 
980 1 1494 
981 2 585 882 
982 2 35 511 
983 2 780 1172 
984 4 436 517 1360 1461 
985 1 1903 
986 2 1525 1535 
987 0 
988 1 321 
989 2 909 974 
990 0 
991 5 441 651 1482 1802 1843 
992 2 630 738 
993 5 153 186 1195 1496 1925 
994 1 1263 
995 3 493 786 1825 
996 0 
997 3 1682 1801 1986 
998 5 77 419 575 1393 1471 
999 1 1129 
1000 5 23 567 1407 1472 1924 
1001 4 46 50 674 1647 
1002 4 63 807 1139 1213 
1003 4 1221 1645 1924 1965 
1004 3 712 915 1106 
1005 3 404 694 824 
1006 0 
1007 2 413 866 
1008 4 81 503 1062 1739 
1009 2 1019 1872 
1010 0 
1011 1 1597 
1012 2 17 427 
1013 3 154 288 361 
1014 5 443 1740 1840 1860 1891 
1015 5 78 440 716 806 1260 
1016 2 584 1175 
1017 2 159 503 
1018 4 24 387 738 1831 
1019 5 339 521 1323 1533 1738 
1020 3 603 1019 1856 
1021 5 684 1087 1595 1620 1683 
1022 0 
1023 0 
1024 2 1087 1229 
1025 3 220 445 680 
1026 4 521 1170 1418 1613 
1027 4 241 254 432 563 
1028 4 529 789 1064 1204 
1029 1 678 
1030 4 901 1354 1394 1966 
1031 3 760 1292 1704 
1032 3 458 998 1417 
1033 4 285 1870 1885 1917 
1034 3 1239 1864 1957 
1035 3 1003 1359 1796 
1036 4 624 1258 1469 1841 
1037 1 1627 
1038 5 510 822 1307 1425 1794 
1039 3 1469 1825 1985 
1040 2 1281 1754 
1041 1 536 
1042 2 448 876 
1043 1 1035 
1044 4 658 743 972 1196 
1045 3 899 1210 1769 
1046 1 1941 
1047 5 867 925 1025 1729 1841 
1048 1 1044 
1049 2 619 962 
1050 2 102 357 
1051 3 310 1631 1886 
1052 1 658 
1053 2 340 1112 
1054 4 57 103 1381 1947 
1055 2 369 1625 
1056 1 707 
1057 4 203 258 584 607 
1058 3 696 1138 1526 
1059 0 
1060 4 462 1182 1379 1879 
1061 3 1228 1592 1995 
1062 2 203 1113 
1063 1 914 
1064 0 
1065 3 560 1693 1915 
1066 0 
1067 3 92 1066 1457 
1068 1 1433 
1069 3 374 901 987 
1070 5 81 1032 1338 1463 1703 
1071 5 28 76 93 751 812 
1072 1 1601 
1073 4 309 1411 1777 1927 
1074 1 498 
1075 2 226 1329 
1076 1 1084 
1077 3 140 323 1147 
1078 1 1251 
1079 2 637 802 
1080 3 631 1562 1973 
1081 5 20 28 403 874 1071 
1082 0 
1083 5 590 719 1013 1132 1133 
1084 1 1750 
1085 4 156 228 255 583 
1086 3 184 1515 1891 
1087 4 118 166 961 1539 
1088 1 136 
1089 1 796 
1090 4 348 393 919 1864 
1091 1 876 
1092 3 158 392 1660 
1093 0 
1094 4 183 1413 1548 1578 
1095 4 313 414 1201 1343 
1096 3 537 761 1818 
1097 0 
1098 0 
1099 2 388 1412 
1100 5 65 389 678 1090 1407 
1101 3 904 964 1471 
1102 3 447 1384 1638 
1103 4 192 743 818 1845 
1104 3 444 487 1128 
1105 5 664 807 872 1179 1664 
1106 4 140 504 1603 1799 
1107 1 828 
1108 5 448 587 928 984 1925 
1109 1 1916 
1110 0 
1111 5 78 88 1265 1736 1867 
1112 4 756 972 1200 1219 
1113 4 313 343 752 1899 
1114 4 1514 1570 1627 1835 
1115 1 1210 
1116 2 995 1402 
1117 1 579 
1118 4 24 107 371 863 
1119 2 1500 1909 
1120 5 544 612 1015 1023 1427 
1121 0 
1122 3 203 1437 1592 
1123 3 338 723 1536 
1124 3 356 488 720 
1125 3 413 690 1133 
1126 1 972 
1127 2 234 1062 
1128 0 
1129 1 19 
1130 2 293 1762 
1131 5 96 516 1219 1287 1818 
1132 3 910 1264 1995 
1133 2 241 1590 
1134 4 141 836 1667 1794 
1135 1 1133 
1136 2 345 1759 
1137 2 222 1451 
1138 5 53 698 1116 1722 1800 
1139 1 1915 
1140 4 1361 1557 1677 1979 
1141 0 
1142 5 384 481 1154 1805 1828 
1143 1 1622 
1144 2 362 994 
1145 2 490 755 
1146 2 83 1692 
1147 3 27 1033 1340 
1148 2 739 1530 
1149 5 547 849 885 1118 1215 
1150 5 683 810 1203 1409 1758 
1151 3 475 490 823 
1152 2 1320 1324 
1153 3 843 1249 1668 
1154 0 
1155 0 
1156 3 54 989 1640 
1157 0 
1158 3 1640 1673 1967 
1159 1 1940 
1160 4 99 672 1114 1450 
1161 1 1546 
1162 3 204 966 1251 
1163 0 
1164 2 764 1364 
1165 2 445 1220 
1166 3 52 1216 1879 
1167 0 
1168 3 260 827 1767 
1169 2 808 1400 
1170 1 526 
1171 1 85 
1172 2 447 1298 
1173 2 813 1206 
1174 0 
1175 2 122 1877 
1176 5 1010 1225 1643 1867 1995 
1177 1 79 
1178 3 1169 1434 1759 
1179 1 977 
1180 2 35 1578 
1181 3 923 1133 1681 
1182 2 1262 1751 
1183 2 175 894 
1184 0 
1185 3 3 240 621 
1186 1 1410 
1187 1 1928 
1188 2 893 1297 
1189 5 396 501 612 990 1809 
1190 0 
1191 3 806 844 1083 
1192 5 483 570 741 1142 1170 
1193 4 537 589 990 1099 
1194 5 37 1180 1185 1607 1809 
1195 2 787 1955 
1196 1 1318 
1197 2 102 1219 
1198 1 573 
1199 2 1448 1477 
1200 0 
1201 0 
1202 5 227 1039 1341 1597 1660 
1203 1 1864 
1204 1 177 
1205 1 378 
1206 2 6 339 
1207 3 1170 1318 1739 
1208 0 
1209 3 861 1254 1979 
1210 0 
1211 2 1219 1324 
1212 5 32 469 1441 1567 1765 
1213 5 252 1135 1207 1765 1814 
1214 5 296 467 1199 1400 1853 
1215 5 515 640 1261 1551 1826 
1216 5 264 497 1067 1103 1234 
1217 2 536 1857 
1218 1 1317 
1219 2 1217 1672 
1220 4 899 959 1329 1884 
1221 0 
1222 0 
1223 3 353 1349 1780 
1224 5 416 468 1459 1645 1796 
1225 0 
1226 4 317 440 1514 1776 
1227 1 1942 
1228 2 89 1305 
1229 2 1222 1281 
1230 1 734 
1231 0 
1232 4 954 1419 1608 1676 
1233 5 408 626 715 988 1866 
1234 1 1518 
1235 1 873 
1236 5 464 644 1229 1678 1970 
1237 0 
1238 3 1055 1433 1956 
1239 3 13 61 1655 
1240 0 
1241 0 
1242 4 153 1289 1298 1570 
1243 5 153 299 915 1649 1889 
1244 2 1372 1646 
1245 3 136 1706 1761 
1246 3 926 1181 1981 
1247 2 429 438 
1248 5 103 344 805 1033 1215 
1249 2 1463 1782 
1250 4 904 1147 1359 1406 
1251 2 733 1812 
1252 5 207 394 896 934 1523 
1253 2 532 1030 
1254 5 131 461 1062 1728 1871 
1255 1 1403 
1256 3 1200 1432 1733 
1257 0 
1258 3 110 421 1510 
1259 5 244 523 641 904 941 
1260 5 723 839 944 1670 1780 
1261 4 104 1164 1646 1675 
1262 4 331 1090 1391 1517 
1263 1 997 
1264 5 41 177 635 656 1114 
1265 0 
1266 1 1588 
1267 2 374 632 
1268 2 740 1024 
1269 0 
1270 0 
1271 4 717 1051 1281 1587 
1272 0 
1273 3 306 1041 1689 
1274 2 372 1933 
1275 0 
1276 2 394 630 
1277 3 654 1294 1296 
1278 5 1321 1425 1734 1757 1975 
1279 2 285 499 
1280 1 1983 
1281 2 273 282 
1282 0 
1283 1 148 
1284 3 1408 1581 1672 
1285 3 794 1172 1760 
1286 4 216 459 879 1979 
1287 4 456 542 803 1866 
1288 1 319 
1289 5 127 255 381 599 1540 
1290 2 89 604 
1291 1 1815 
1292 5 252 298 321 774 1434 
1293 2 614 1504 
1294 3 188 1397 1849 
1295 1 1275 
1296 5 106 880 1314 1546 1929 
1297 2 260 1682 
1298 0 
1299 1 387 
1300 1 1288 
1301 3 67 723 1977 
1302 3 1402 1620 1915 
1303 1 680 
1304 5 432 933 956 1880 1997 
1305 4 538 1263 1316 1343 
1306 5 277 1157 1173 1814 1920 
1307 0 
1308 5 512 702 807 1363 1759 
1309 4 174 653 721 1068 
1310 0 
1311 0 
1312 5 271 866 1754 1880 1953 
1313 4 540 871 928 1051 
1314 0 
1315 1 1850 
1316 1 1869 
1317 5 198 965 1087 1347 1498 
1318 1 112 
1319 4 238 997 1587 1907 
1320 5 340 573 929 1493 1863 
1321 4 521 1123 1332 1904 
1322 5 213 441 585 918 1311 
1323 2 219 994 
1324 5 98 468 537 970 1578 
1325 3 615 1057 1114 
1326 1 1958 
1327 4 570 1336 1702 1998 
1328 5 63 521 678 1020 1602 
1329 2 1537 1807 
1330 4 68 572 1110 1555 
1331 4 853 862 874 1901 
1332 4 92 740 1968 1979 
1333 3 788 903 1836 
1334 5 690 977 1050 1654 1859 
1335 1 208 
1336 5 134 264 680 698 720 
1337 5 106 676 930 1456 1622 
1338 0 
1339 5 78 583 652 771 1571 
1340 4 15 1171 1585 1894 
1341 5 210 495 1220 1392 1556 
1342 3 391 1213 1504 
1343 0 
1344 3 216 755 1968 
1345 3 208 1555 1910 
1346 3 20 572 645 
1347 5 1349 1402 1462 1862 1952 
1348 4 315 360 777 1582 
1349 3 1253 1772 1893 
1350 0 
1351 0 
1352 5 493 494 716 1165 1718 
1353 5 18 52 333 1074 1212 
1354 2 454 1218 
1355 3 754 845 1302 
1356 2 983 1833 
1357 3 1095 1345 1679 
1358 2 1296 1351 
1359 4 672 764 1023 1265 
1360 4 179 715 839 1505 
1361 2 323 329 
1362 1 433 
1363 0 
1364 2 341 737 
1365 5 220 232 472 768 1472 
1366 2 411 441 
1367 5 84 537 1059 1466 1772 
1368 5 978 1379 1516 1620 1705 
1369 3 776 832 1692 
1370 0 
1371 4 108 714 1182 1642 
1372 5 476 765 1328 1461 1517 
1373 3 200 1111 1287 
1374 4 191 207 549 1823 
1375 1 1751 
1376 2 89 457 
1377 0 
1378 2 953 1154 
1379 4 325 1668 1908 1966 
1380 3 768 817 1790 
1381 0 
1382 4 256 1175 1262 1658 
1383 5 159 334 486 558 1345 
1384 4 49 620 820 1539 
1385 4 234 1200 1468 1546 
1386 1 397 
1387 3 1017 1483 1916 
1388 5 83 284 551 1444 1685 
1389 0 
1390 0 
1391 3 1681 1903 1957 
1392 5 169 299 888 1330 1995 
1393 2 18 587 
1394 0 
1395 5 33 334 848 1098 1645 
1396 2 1271 1632 
1397 2 887 1572 
1398 5 340 342 632 683 705 
1399 1 623 
1400 0 
1401 5 125 291 344 1365 1610 
1402 0 
1403 1 1625 
1404 5 232 274 327 638 1402 
1405 2 408 945 
1406 0 
1407 4 483 956 1416 1881 
1408 0 
1409 5 536 794 881 1026 1849 
1410 0 
1411 3 365 1536 1676 
1412 2 526 1711 
1413 1 1006 
1414 0 
1415 5 33 108 145 356 1582 
1416 1 1871 
1417 1 1657 
1418 3 23 657 1848 
1419 1 1402 
1420 0 
1421 3 449 617 1309 
1422 5 862 1026 1045 1668 1780 
1423 5 287 582 1133 1342 1818 
1424 4 504 517 1415 1738 
1425 0 
1426 5 207 535 977 1243 1498 
1427 1 1933 
1428 4 119 214 1143 1543 
1429 2 393 1953 
1430 0 
1431 5 377 695 995 1143 1214 
1432 3 1469 1828 1932 
1433 0 
1434 3 83 839 1163 
1435 4 333 1122 1234 1378 
1436 1 24 
1437 2 430 1148 
1438 3 102 713 754 
1439 1 869 
1440 3 105 825 1551 
1441 4 1240 1347 1729 1831 
1442 4 1462 1525 1779 1922 
1443 3 148 748 1295 
1444 2 43 1183 
1445 5 557 804 932 1566 1656 
1446 2 370 1951 
1447 0 
1448 5 879 1282 1495 1649 1778 
1449 5 258 458 809 1299 1500 
1450 1 804 
1451 2 1393 1835 
1452 3 463 1787 1807 
1453 5 16 499 1153 1977 1981 
1454 2 364 1700 
1455 4 374 718 1354 1903 
1456 5 182 524 778 1552 1755 
1457 4 436 453 1464 1708 
1458 0 
1459 4 176 335 1465 1772 
1460 3 33 851 1927 
1461 1 1082 
1462 1 1546 
1463 1 1537 
1464 0 
1465 0 
1466 3 558 1567 1813 
1467 4 643 1387 1694 1875 
1468 5 213 1075 1340 1501 1891 
1469 1 1370 
1470 4 495 523 1853 1866 
1471 4 1016 1232 1331 1665 
1472 3 197 1322 1482 
1473 4 170 1271 1464 1665 
1474 3 557 932 1621 
1475 0 
1476 2 28 405 
1477 2 404 487 
1478 1 1197 
1479 5 421 928 1101 1618 1967 
1480 3 725 1712 1993 
1481 1 1913 
1482 4 670 846 1419 1797 
1483 4 122 793 1009 1086 
1484 3 870 984 1970 
1485 4 5 675 1003 1170 
1486 1 1551 
1487 0 
1488 5 123 814 1237 1714 1989 
1489 3 625 1182 1584 
1490 3 1138 1228 1408 
1491 4 372 658 1170 1562 
1492 3 919 1148 1804 
1493 2 20 735 
1494 3 363 759 1969 
1495 1 1386 
1496 1 1533 
1497 3 100 1642 1718 
1498 1 1661 
1499 0 
1500 2 580 628 
1501 5 492 757 946 1107 1369 
1502 5 506 545 798 1057 1767 
1503 0 
1504 0 
1505 0 
1506 1 40 
1507 5 317 394 980 1284 1656 
1508 5 185 736 841 1038 1497 
1509 1 1468 
1510 3 201 423 1067 
1511 1 241 
1512 4 463 1295 1606 1616 
1513 3 554 1430 1881 
1514 3 485 656 1567 
1515 5 126 1298 1492 1546 1748 
1516 4 12 215 1134 1603 
1517 1 1028 
1518 4 506 688 1107 1813 
1519 2 75 1877 
1520 1 1746 
1521 3 115 197 1976 
1522 0 
1523 3 1209 1630 1863 
1524 1 1722 
1525 4 648 994 1347 1916 
1526 2 888 1330 
1527 4 95 791 1426 1873 
1528 1 945 
1529 4 410 591 1051 1543 
1530 3 66 1100 1689 
1531 1 107 
1532 0 
1533 1 1039 
1534 5 290 551 825 1067 1250 
1535 3 377 829 1019 
1536 1 355 
1537 2 96 1896 
1538 1 555 
1539 0 
1540 2 772 1678 
1541 1 1212 
1542 2 961 1630 
1543 0 
1544 4 861 921 985 1663 
1545 3 552 1208 1697 
1546 4 720 813 1187 1425 
1547 5 745 1130 1422 1556 1654 
1548 3 665 833 1553 
1549 2 567 1408 
1550 3 409 1163 1938 
1551 1 1842 
1552 1 177 
1553 0 
1554 2 1375 1684 
1555 0 
1556 5 124 585 604 669 1922 
1557 3 65 1477 1998 
1558 3 707 740 1004 
1559 5 233 632 1268 1855 1896 
1560 0 
1561 1 1924 
1562 4 97 1221 1234 1904 
1563 5 182 268 406 764 1235 
1564 0 
1565 1 942 
1566 0 
1567 2 1552 1577 
1568 5 192 353 524 906 1556 
1569 1 1000 
1570 3 62 556 615 
1571 2 1344 1683 
1572 2 732 1349 
1573 1 1443 
1574 5 81 713 1345 1630 1918 
1575 1 341 
1576 0 
1577 2 182 1413 
1578 2 122 1814 
1579 5 671 693 1133 1308 1360 
1580 0 
1581 5 665 1467 1865 1923 1982 
1582 0 
1583 2 646 1775 
1584 3 214 315 1267 
1585 1 461 
1586 5 77 633 1406 1518 1595 
1587 4 105 1409 1937 1994 
1588 5 286 506 708 769 1222 
1589 4 164 1686 1695 1830 
1590 4 456 1394 1496 1638 
1591 0 
1592 4 637 952 1881 1974 
1593 1 1873 
1594 2 255 1813 
1595 3 402 604 1697 
1596 2 612 1141 
1597 3 225 1745 1909 
1598 3 553 979 1460 
1599 5 1176 1306 1539 1616 1862 
1600 3 238 732 1964 
1601 4 361 420 640 1784 
1602 4 231 614 961 1649 
1603 0 
1604 1 1690 
1605 2 1155 1666 
1606 0 
1607 1 2 
1608 2 583 828 
1609 3 1620 1694 1782 
1610 0 
1611 4 123 285 484 1883 
1612 1 749 
1613 2 1514 1749 
1614 5 599 762 785 1428 1759 
1615 0 
1616 4 51 260 677 1644 
1617 0 
1618 3 170 931 948 
1619 4 824 1019 1118 1603 
1620 0 
1621 4 939 1159 1471 1532 
1622 2 249 649 
1623 5 1079 1108 1163 1430 1862 
1624 5 181 354 897 1156 1881 
1625 5 171 365 410 913 1629 
1626 3 162 974 1098 
1627 3 964 1664 1759 
1628 4 396 1396 1425 1784 
1629 5 872 1111 1358 1416 1676 
1630 2 760 1363 
1631 2 189 1636 
1632 2 1478 1546 
1633 4 290 414 952 1380 
1634 5 256 569 773 981 1092 
1635 0 
1636 1 1559 
1637 0 
1638 4 457 1155 1626 1648 
1639 5 890 1016 1413 1433 1961 
1640 2 381 565 
1641 2 1 1781 
1642 5 245 495 770 1836 1933 
1643 2 1252 1320 
1644 2 346 1287 
1645 4 766 949 1872 1973 
1646 1 1297 
1647 0 
1648 2 1106 1539 
1649 2 1454 1720 
1650 2 872 1303 
1651 0 
1652 3 151 846 1432 
1653 5 346 555 768 992 1569 
1654 0 
1655 5 207 422 1093 1355 1582 
1656 5 42 154 1345 1420 1914 
1657 4 120 253 366 1273 
1658 2 1570 1829 
1659 2 627 1127 
1660 5 347 1012 1115 1561 1798 
1661 0 
1662 1 887 
1663 0 
1664 0 
1665 5 754 928 970 1104 1999 
1666 0 
1667 1 573 
1668 2 1367 1857 
1669 1 295 
1670 1 1916 
1671 5 239 532 1093 1536 1758 
1672 2 560 1958 
1673 0 
1674 0 
1675 3 102 1454 1928 
1676 0 
1677 0 
1678 5 338 487 679 1205 1482 
1679 4 441 1342 1652 1663 
1680 5 299 483 860 1108 1146 
1681 5 59 180 784 1430 1524 
1682 3 86 139 1984 
1683 1 66 
1684 3 319 1040 1700 
1685 0 
1686 2 1237 1975 
1687 3 139 577 1327 
1688 5 1063 1380 1759 1985 1996 
1689 2 1327 1722 
1690 1 193 
1691 1 957 
1692 5 222 369 790 922 1054 
1693 5 41 476 1137 1588 1826 
1694 5 421 653 712 797 1023 
1695 1 1585 
1696 0 
1697 1 76 
1698 3 317 383 752 
1699 2 1748 1935 
1700 3 147 409 1435 
1701 4 1190 1355 1849 1993 
1702 1 24 
1703 4 144 195 1096 1168 
1704 3 347 940 1793 
1705 1 1018 
1706 1 825 
1707 4 390 548 1366 1490 
1708 5 3 100 949 1373 1940 
1709 4 611 983 1057 1115 
1710 1 638 
1711 5 233 484 945 953 1011 
1712 0 
1713 4 138 489 630 1349 
1714 5 242 1285 1736 1934 1991 
1715 5 228 1053 1182 1937 1970 
1716 4 236 413 522 1258 
1717 1 1028 
1718 3 1559 1878 1879 
1719 1 1212 
1720 3 774 1342 1509 
1721 5 163 459 716 1412 1514 
1722 5 477 1033 1313 1354 1410 
1723 0 
1724 2 824 1297 
1725 5 226 316 615 977 1837 
1726 3 335 709 860 
1727 5 563 611 1265 1355 1708 
1728 1 840 
1729 1 155 
1730 5 188 957 1328 1975 1987 
1731 0 
1732 0 
1733 5 205 700 1651 1700 1968 
1734 4 120 349 775 1942 
1735 3 857 1414 1630 
1736 3 848 1299 1362 
1737 1 56 
1738 0 
1739 5 17 172 211 1113 1420 
1740 4 665 710 1682 1979 
1741 4 686 780 1189 1196 
1742 3 76 1033 1134 
1743 2 406 699 
1744 2 585 891 
1745 1 190 
1746 2 1831 1904 
1747 3 6 1001 1762 
1748 1 1020 
1749 5 668 966 1566 1586 1605 
1750 0 
1751 0 
1752 2 507 1547 
1753 5 627 648 1018 1072 1943 
1754 0 
1755 3 827 1222 1568 
1756 2 661 1077 
1757 4 44 1081 1505 1853 
1758 1 1974 
1759 1 1587 
1760 4 169 544 1548 1957 
1761 0 
1762 3 1476 1857 1921 
1763 0 
1764 1 447 
1765 2 23 1484 
1766 4 303 601 758 1024 
1767 0 
1768 0 
1769 5 184 191 867 1499 1928 
1770 0 
1771 4 490 1196 1525 1554 
1772 4 1 940 1225 1508 
1773 5 911 992 1273 1331 1385 
1774 0 
1775 2 540 1616 
1776 2 888 1155 
1777 0 
1778 4 820 1268 1372 1420 
1779 0 
1780 3 363 394 790 
1781 0 
1782 2 1600 1693 
1783 1 328 
1784 2 144 588 
1785 3 299 1301 1671 
1786 5 446 582 973 1332 1780 
1787 5 1330 1540 1744 1830 1874 
1788 3 191 882 1583 
1789 3 478 699 727 
1790 0 
1791 0 
1792 1 1168 
1793 1 1817 
1794 2 1138 1192 
1795 5 137 217 1446 1785 1938 
1796 0 
1797 1 308 
1798 3 150 1484 1913 
1799 3 395 711 931 
1800 4 137 543 1426 1643 
1801 5 446 756 757 825 1854 
1802 3 629 1114 1669 
1803 5 345 663 1451 1465 1693 
1804 4 422 899 934 1334 
1805 3 526 859 1285 
1806 0 
1807 5 146 940 1635 1846 1880 
1808 0 
1809 2 470 1127 
1810 3 130 1203 1838 
1811 3 147 1015 1227 
1812 3 883 1089 1917 
1813 1 353 
1814 0 
1815 0 
1816 2 868 1235 
1817 3 415 841 1941 
1818 2 11 1493 
1819 1 153 
1820 0 
1821 2 1084 1752 
1822 0 
1823 3 519 1047 1909 
1824 0 
1825 1 1384 
1826 4 536 931 1788 1831 
1827 5 173 471 971 1550 1780 
1828 5 501 831 1046 1605 1982 
1829 0 
1830 5 115 386 395 1127 1191 
1831 2 378 1237 
1832 3 114 668 1462 
1833 5 1022 1431 1481 1603 1699 
1834 4 210 949 1407 1510 
1835 4 226 1598 1671 1883 
1836 3 980 999 1494 
1837 5 408 456 924 1184 1635 
1838 0 
1839 0 
1840 4 74 443 880 1226 
1841 0 
1842 2 1402 1518 
1843 5 168 653 779 877 1310 
1844 0 
1845 5 1036 1329 1520 1781 1921 
1846 4 433 1248 1788 1878 
1847 1 54 
1848 5 938 1022 1734 1876 1899 
1849 3 104 855 1755 
1850 1 1198 
1851 1 1329 
1852 1 818 
1853 0 
1854 4 87 1503 1923 1936 
1855 2 433 1680 
1856 2 210 1295 
1857 4 632 780 1484 1743 
1858 2 76 718 
1859 0 
1860 3 217 1236 1690 
1861 0 
1862 2 14 860 
1863 3 109 1147 1307 
1864 1 248 
1865 4 799 809 842 981 
1866 1 1422 
1867 0 
1868 0 
1869 0 
1870 5 418 591 1298 1455 1495 
1871 5 386 404 850 1253 1566 
1872 4 228 1020 1098 1392 
1873 4 374 521 768 1730 
1874 5 533 571 668 847 1219 
1875 5 991 1063 1173 1205 1392 
1876 4 244 460 737 1246 
1877 5 342 730 743 865 1936 
1878 1 1455 
1879 1 148 
1880 2 1034 1436 
1881 0 
1882 3 288 1883 1906 
1883 0 
1884 3 198 1357 1856 
1885 0 
1886 0 
1887 0 
1888 3 436 833 1372 
1889 3 534 750 1758 
1890 5 438 645 903 1580 1785 
1891 3 106 292 976 
1892 3 97 927 1234 
1893 0 
1894 1 1175 
1895 4 72 290 592 1069 
1896 5 340 907 944 1293 1683 
1897 0 
1898 2 680 1906 
1899 1 1968 
1900 3 352 1543 1957 
1901 3 51 804 1666 
1902 3 392 1403 1924 
1903 5 764 993 1295 1558 1888 
1904 0 
1905 2 261 1952 
1906 0 
1907 2 1298 1935 
1908 0 
1909 0 
1910 2 7 341 
1911 3 1389 1622 1649 
1912 5 233 1126 1673 1755 1930 
1913 4 976 1004 1313 1787 
1914 1 902 
1915 1 262 
1916 4 398 1277 1722 1749 
1917 2 721 1350 
1918 3 1202 1300 1355 
1919 4 195 409 575 1328 
1920 4 716 733 819 1088 
1921 4 343 624 1146 1471 
1922 0 
1923 1 1937 
1924 3 812 905 936 
1925 4 502 767 1494 1738 
1926 0 
1927 5 207 220 1082 1496 1849 
1928 1 227 
1929 5 103 479 934 1385 1808 
1930 0 
1931 2 1284 1542 
1932 3 437 782 1614 
1933 0 
1934 2 969 1693 
1935 4 316 324 831 1278 
1936 1 140 
1937 1 183 
1938 4 103 624 632 1633 
1939 5 52 150 779 789 811 
1940 3 744 792 1180 
1941 2 96 1140 
1942 5 212 481 732 935 1156 
1943 2 225 572 
1944 5 75 733 755 1773 1962 
1945 2 1021 1117 
1946 1 843 
1947 4 721 1023 1900 1963 
1948 1 1081 
1949 4 696 1021 1031 1446 
1950 0 
1951 1 1935 
1952 2 100 659 
1953 2 1388 1591 
1954 2 146 1985 
1955 5 447 748 1053 1426 1666 
1956 4 265 1148 1739 1976 
1957 1 1736 
1958 5 395 457 668 1241 1743 
1959 4 628 861 1293 1446 
1960 5 180 948 972 1380 1516 
1961 1 1423 
1962 0 
1963 2 1086 1731 
1964 2 581 1694 
1965 0 
1966 3 504 1317 1861 
1967 0 
1968 0 
1969 1 1698 
1970 5 117 1186 1261 1382 1864 
1971 1 1187 
1972 2 72 1156 
1973 0 
1974 3 697 1675 1958 
1975 3 879 1568 1820 
1976 2 72 625 
1977 4 215 613 848 1565 
1978 0 
1979 3 657 990 1687 
1980 1 339 
1981 4 285 1422 1519 1771 
1982 5 84 429 434 1353 1813 
1983 1 972 
1984 3 415 1533 1832 
1985 0 
1986 1 1200 
1987 3 593 802 1992 
1988 3 377 1110 1298 
1989 1 1361 
1990 4 621 927 1484 1913 
1991 2 6 538 
1992 0 
1993 2 1122 1311 
1994 0 
1995 1 1610 
1996 4 654 1098 1384 1758 
1997 4 172 266 865 1646 
1998 2 191 375 
1999 4 865 1488 1645 1718 
2000 2 317 1023 
0 END OF FILE 0
